<?xml version="1.0"?>
<opencv_storage>
<images type_id="opencv-matrix">
  <rows>39</rows>
  <cols>600</cols>
  <dt>f</dt>
  <data>
    0. 255. 127. 0. 76. 76. 0. 0. 0. 0. 155. 0. 0. 0. 255. 100. 34. 0.
    34. 100. 0. 255. 127. 0. 76. 76. 0. 102. 102. 0. 0. 0. 0. 92. 255.
    255. 153. 0. 255. 224. 0. 85. 212. 17. 76. 195. 0. 255. 255. 0. 0.
    0. 0. 229. 255. 255. 0. 0. 255. 60. 0. 0. 255. 239. 76. 255. 0. 255.
    255. 0. 0. 0. 0. 229. 255. 255. 0. 0. 255. 0. 255. 0. 229. 209. 255.
    255. 0. 0. 0. 0. 194. 0. 0. 0. 219. 255. 0. 26. 255. 0. 255. 0. 127.
    14. 171. 255. 0. 0. 0. 0. 255. 0. 0. 0. 41. 171. 0. 187. 255. 0.
    199. 0. 34. 0. 76. 68. 168. 0. 0. 0. 255. 0. 94. 0. 0. 20. 0. 255.
    255. 0. 179. 0. 0. 0. 0. 0. 255. 0. 0. 76. 255. 0. 0. 0. 0. 0. 0.
    255. 26. 76. 178. 229. 0. 0. 0. 0. 194. 161. 0. 255. 255. 0. 0. 0.
    0. 0. 0. 127. 19. 255. 178. 229. 0. 136. 0. 0. 25. 255. 0. 160. 160.
    0. 68. 136. 95. 0. 136. 195. 0. 255. 178. 250. 0. 255. 0. 0. 5. 153.
    0. 76. 76. 20. 229. 255. 178. 0. 255. 255. 204. 112. 178. 255. 0.
    255. 0. 0. 0. 17. 0. 0. 0. 25. 255. 255. 255. 0. 255. 255. 255. 0.
    119. 255. 0. 255. 0. 0. 0. 255. 9. 0. 0. 17. 170. 255. 255. 0. 255.
    255. 255. 0. 0. 255. 0. 255. 107. 0. 0. 255. 163. 107. 0. 0. 0. 239.
    255. 0. 255. 255. 102. 0. 0. 255. 0. 255. 178. 0. 22. 255. 255. 245.
    0. 0. 0. 229. 255. 221. 255. 144. 0. 0. 0. 255. 34. 255. 255. 10.
    56. 0. 229. 255. 0. 0. 0. 0. 255. 255. 199. 0. 0. 0. 0. 255. 255.
    255. 255. 76. 255. 0. 138. 224. 0. 0. 102. 102. 255. 184. 0. 0. 0.
    0. 0. 255. 255. 255. 136. 25. 85. 0. 0. 60. 0. 170. 255. 255. 255.
    25. 0. 0. 0. 0. 0. 255. 136. 17. 5. 0. 0. 0. 0. 0. 167. 255. 255.
    255. 17. 0. 0. 0. 0. 0. 0. 250. 0. 0. 0. 0. 0. 0. 0. 51. 255. 255.
    255. 204. 0. 0. 0. 0. 0. 15. 0. 229. 0. 0. 0. 0. 0. 0. 107. 255.
    255. 255. 195. 0. 0. 0. 0. 0. 0. 160. 0. 229. 0. 0. 0. 187. 0. 0.
    229. 255. 255. 236. 34. 0. 0. 0. 0. 0. 0. 255. 0. 229. 0. 0. 0. 255.
    255. 255. 255. 255. 76. 0. 0. 0. 0. 0. 0. 0. 255. 255. 0. 255. 0.
    68. 20. 255. 255. 255. 255. 131. 0. 0. 0. 0. 0. 0. 7. 255. 255. 255.
    0. 255. 136. 255. 171. 255. 255. 255. 255. 0. 0. 0. 0. 0. 0. 0. 148.
    255. 255. 255. 0. 255. 255. 255. 255. 255. 255. 255. 51. 0. 0. 0. 0.
    0. 0. 143. 255. 255. 255. 194. 0. 255. 255. 255. 255. 255. 253. 119.
    0. 0. 0. 0. 0. 0. 88. 255. 255. 255. 25. 0. 0. 255. 255. 255. 255.
    255. 153. 0. 0. 0. 0. 0. 0. 0. 255. 255. 255. 170. 17. 0. 0. 117.
    255. 255. 255. 148. 0. 0. 0. 0. 0. 0. 0. 153. 255. 255. 239. 0. 0.
    0. 66. 3. 34. 233. 188. 10. 0. 0. 0. 0. 0. 0. 111. 255. 255. 255.
    31. 0. 0. 0. 106. 80. 0. 0. 37. 255. 255. 149. 0. 0. 0. 0. 0. 80.
    191. 0. 0. 0. 255. 0. 0. 0. 0. 0. 0. 0. 255. 255. 0. 0. 0. 0. 0. 0.
    0. 255. 191. 207. 0. 0. 0. 0. 234. 80. 255. 0. 0. 234. 0. 0. 0. 0.
    0. 255. 175. 0. 80. 58. 0. 255. 0. 16. 0. 0. 0. 0. 0. 0. 0. 0. 0. 0.
    0. 80. 0. 255. 255. 0. 58. 255. 0. 0. 143. 0. 0. 0. 0. 0. 255. 0. 0.
    0. 0. 16. 112. 191. 0. 0. 255. 255. 0. 0. 0. 0. 0. 80. 0. 0. 255. 0.
    0. 0. 0. 255. 0. 27. 0. 228. 0. 255. 0. 0. 0. 0. 0. 0. 0. 0. 255. 0.
    0. 0. 80. 255. 255. 0. 27. 255. 0. 255. 0. 0. 0. 0. 0. 0. 0. 0. 255.
    0. 0. 0. 255. 0. 0. 0. 255. 0. 0. 255. 0. 0. 0. 0. 0. 0. 0. 0. 64.
    0. 0. 0. 255. 0. 0. 197. 58. 0. 0. 255. 0. 0. 0. 0. 0. 0. 0. 0. 0.
    0. 0. 0. 255. 0. 0. 255. 0. 0. 0. 255. 0. 0. 0. 0. 0. 0. 0. 0. 0. 0.
    0. 0. 0. 0. 255. 0. 0. 0. 0. 255. 0. 0. 0. 0. 0. 0. 0. 0. 27. 0. 0.
    0. 0. 149. 218. 0. 0. 0. 0. 255. 255. 0. 0. 0. 0. 0. 0. 0. 0. 0.
    191. 0. 0. 255. 0. 0. 0. 0. 0. 255. 207. 255. 0. 0. 0. 0. 0. 0. 0.
    0. 0. 0. 255. 0. 0. 0. 0. 0. 0. 255. 0. 234. 255. 0. 0. 0. 0. 0. 0.
    0. 0. 197. 0. 0. 0. 0. 0. 0. 0. 255. 0. 0. 255. 255. 0. 0. 0. 0. 0.
    0. 0. 255. 0. 0. 0. 0. 0. 0. 0. 255. 0. 0. 0. 207. 255. 0. 0. 0. 0.
    0. 255. 0. 0. 0. 0. 48. 0. 0. 0. 255. 37. 0. 0. 0. 106. 255. 149. 0.
    0. 112. 106. 0. 0. 0. 0. 0. 0. 80. 0. 255. 0. 0. 0. 0. 0. 0. 255. 0.
    0. 255. 64. 0. 0. 0. 0. 0. 0. 0. 0. 255. 0. 0. 0. 0. 0. 255. 0. 0.
    255. 0. 0. 0. 0. 0. 0. 0. 0. 0. 0. 239. 0. 0. 0. 0. 80. 0. 0. 16.
    234. 0. 0. 0. 0. 0. 0. 0. 0. 0. 0. 255. 0. 0. 0. 0. 255. 0. 0. 255.
    0. 0. 0. 0. 0. 0. 0. 0. 0. 0. 0. 255. 0. 0. 0. 255. 0. 0. 255. 112.
    0. 0. 0. 0. 0. 0. 0. 0. 0. 0. 207. 255. 255. 0. 64. 27. 0. 0. 218.
    0. 0. 0. 0. 0. 37. 0. 0. 0. 0. 0. 80. 255. 175. 255. 228. 0. 0. 255.
    0. 0. 0. 0. 0. 0. 0. 0. 0. 0. 0. 255. 0. 255. 48. 255. 0. 0. 255. 0.
    0. 0. 0. 0. 0. 0. 0. 0. 0. 0. 0. 48. 143. 255. 255. 0. 0. 16. 255.
    0. 0. 0. 0. 0. 0. 0. 0. 0. 0. 0. 255. 0. 0. 255. 197. 0. 0. 255. 0.
    0. 0. 0. 0. 0. 0. 0. 0. 0. 0. 0. 191. 0. 0. 255. 0. 0. 255. 255. 0.
    0. 0. 0. 0. 0. 0. 0. 0. 0. 0. 255. 0. 48. 0. 255. 255. 255. 255.
    255. 255. 255. 255. 255. 255. 255. 255. 255. 255. 255. 255. 255.
    255. 255. 255. 255. 140. 140. 123. 32. 0. 11. 102. 140. 140. 140.
    140. 140. 212. 223. 149. 60. 0. 0. 0. 0. 255. 255. 234. 127. 122.
    172. 230. 255. 255. 255. 255. 255. 255. 255. 255. 108. 0. 0. 87.
    166. 64. 64. 56. 14. 27. 78. 202. 255. 255. 255. 172. 6. 0. 0. 0. 0.
    0. 0. 134. 255. 0. 0. 0. 0. 0. 19. 185. 255. 255. 255. 243. 218. 81.
    0. 0. 0. 0. 0. 134. 255. 0. 115. 244. 252. 255. 255. 255. 255. 255.
    255. 255. 255. 247. 176. 18. 0. 0. 0. 134. 255. 0. 121. 255. 255.
    147. 0. 0. 0. 6. 164. 246. 255. 255. 185. 19. 0. 55. 212. 242. 242.
    0. 103. 222. 246. 146. 0. 0. 0. 0. 0. 0. 0. 0. 11. 35. 38. 30. 5. 0.
    0. 0. 0. 32. 197. 147. 0. 0. 0. 0. 0. 0. 0. 0. 0. 0. 147. 255. 255.
    121. 0. 0. 42. 110. 218. 255. 236. 70. 0. 0. 0. 0. 0. 0. 0. 0. 147.
    255. 255. 121. 0. 0. 67. 154. 229. 255. 255. 255. 159. 0. 0. 37.
    112. 202. 255. 255. 255. 255. 255. 121. 0. 0. 0. 32. 197. 255. 255.
    255. 202. 112. 37. 37. 112. 115. 115. 115. 115. 146. 237. 195. 140.
    0. 0. 32. 197. 255. 255. 255. 255. 249. 83. 0. 0. 0. 0. 0. 0. 0. 0.
    134. 255. 0. 0. 32. 197. 255. 255. 255. 255. 248. 83. 0. 0. 0. 0. 0.
    0. 0. 0. 134. 255. 0. 0. 32. 197. 255. 238. 98. 24. 0. 0. 0. 0. 0.
    0. 0. 0. 0. 0. 134. 255. 0. 0. 32. 198. 255. 236. 70. 0. 0. 0. 0. 0.
    0. 0. 0. 0. 55. 212. 115. 0. 0. 0. 0. 0. 108. 255. 255. 255. 249.
    91. 9. 0. 0. 70. 236. 255. 255. 255. 255. 255. 0. 0. 0. 0. 108. 255.
    255. 255. 249. 83. 0. 0. 0. 60. 200. 217. 217. 217. 217. 217. 0. 0.
    0. 0. 0. 19. 185. 255. 248. 83. 0. 0. 0. 0. 0. 0. 0. 0. 0. 0. 0. 0.
    0. 0. 108. 255. 255. 255. 251. 143. 60. 2. 0. 0. 0. 0. 0. 0. 0. 0.
    0. 0. 0. 0. 108. 255. 255. 212. 137. 46. 0. 0. 159. 255. 255. 174.
    89. 14. 0. 0. 0. 0. 0. 0. 0. 19. 185. 159. 0. 0. 0. 0. 159. 255.
    255. 255. 255. 255. 121. 0. 0. 0. 0. 0. 108. 255. 255. 255. 253.
    195. 166. 166. 221. 255. 255. 255. 218. 110. 42. 0. 0. 0. 0. 0. 108.
    255. 255. 255. 255. 255. 193. 69. 24. 18. 59. 27. 0. 0. 0. 0. 0. 0.
    0. 0. 0. 19. 185. 255. 249. 108. 26. 1. 0. 0. 0. 146. 246. 222. 103.
    0. 0. 0. 0. 0. 0. 19. 185. 255. 249. 83. 0. 0. 0. 67. 224. 250. 255.
    255. 121. 0. 255. 134. 0. 0. 0. 0. 0. 0. 6. 172. 255. 255. 255. 255.
    255. 255. 252. 244. 115. 0. 255. 134. 0. 0. 0. 0. 0. 0. 6. 172. 255.
    255. 255. 255. 255. 108. 0. 0. 0. 0. 255. 134. 0. 0. 0. 0. 0. 0. 5.
    129. 191. 191. 191. 209. 250. 145. 64. 64. 30. 0. 255. 134. 0. 0. 0.
    7. 65. 89. 87. 29. 0. 0. 0. 70. 236. 255. 255. 255. 255. 255. 255.
    134. 0. 0. 0. 19. 185. 255. 251. 160. 77. 3. 0. 0. 0. 147. 229. 154.
    67. 0. 0. 0. 0. 44. 255. 255. 255. 255. 147. 0. 134. 255. 255. 83.
    0. 0. 0. 223. 255. 6. 229. 212. 0. 44. 255. 255. 255. 169. 15. 0.
    134. 255. 255. 83. 0. 0. 189. 252. 255. 6. 255. 236. 0. 7. 90. 255.
    186. 27. 0. 0. 22. 165. 255. 83. 0. 165. 248. 255. 255. 214. 255.
    236. 0. 0. 13. 60. 40. 0. 0. 0. 0. 34. 60. 19. 0. 46. 221. 255. 255.
    255. 255. 236. 0. 0. 0. 0. 0. 0. 0. 85. 179. 76. 0. 0. 0. 138. 242.
    255. 255. 81. 255. 236. 0. 0. 0. 0. 0. 61. 161. 206. 255. 108. 0. 0.
